Vector Kr (Key Rows) : 
11992884
15149557
12141022
8750151
12678229
3904754
11449570
15468345
9988220
12403673
5602077
4643908
12411221
10209801
6580183
8735922
226173
16726240
5439784
4868149
9207066
15332327
12726897
1786775
3924561
7907357
15937062
7884601
64173
5118041
12396753
3160627
13434588
8574381
6238718
10167214
441818
7520041
11610259
16660926
4319114
6724110
153198
6859782
3992682
3725000
3279566
13483883
1255756
11775996
6477399
11555988
8395342
1268688
15568404
10845776
7983777
6916111
10685403
2169130
7968830
6225505
1807170
12178144
13733859
12099640
2649032
16344932
16162237
8294548
4397567
5220444
3508372
8240293
9486064
15280685
9738266
15930101
588378
2434135
12216408
2949630
16296903
6127012
1896911
2737983
2517449
5267912
9182664
12061196
2601706
15723483
4359611
1045959
5893396
1020307
11254690
406768
2531015
6430241
5242252
8058287
4903753
13475783
11629229
9663802
8700308
9276064
11389101
2732003
10929099
12009926
14522492
178536
12511719
8757942
13464456
15945118
14626445
14870165
5459819
13797478
15645921
15132714
3863468
2642846
3803818
16575992
3226244
4418483
1468360
4356848
6127948
564065
10323829
1916654
841597
13915679
16390282
15762514
1355384
9714729
944773
1070776
1667356
14688206
6654247
12253390
12489861
11330514
3514269
7567929
11005543
4968279
15217433
14942625
10329032
9826698
11625021
11278483
636449
3275618
6232518
9461468
14853838
5411692
6831314
15392384
12155527
8997076
9674289
9436609
10628994
6686058
11342028
736455
14654836
15122863
9308026
10722479
13139719
11444891
14841764
9208868
7378637
3386640
14429146
4053019
6833505
9879128
4740678
15715031
13105281
13616927
11704343
1891400
16453415
9047537
657603
8468221
8152869
3270175
10017378
12220344
48291
9757012
1967790
2157206
6412926
7637642
14346764
3419394
16440760
3954471
2387233
6739575
11535308
481943
2348337
5719286
4465826
1261804
3776775
7561379
16180226
15004464
6843639
13139406
16249302
2021793
13534445
16322881
6685939
11472040
10595726
2091889
13320458
991882
9241096
5300004
9282501
7625350
5639431
14375991
2283292
12019794
216923
6713191
16747581
3395702
636210
14118636
13186134
16394336
4631552
10713774
2947655
931104
3032928
14336951
12851825
5461378
10871010
2583807
10754545
13779341
10697717
767280
1343693
8302056
9636534
13443596
3726186
2659868
3596026
8436772
11737687
5974245
1103264
14800053
6631575
12297914
7466532
9715291
14836506
6318314
10516198
1574039
5921599
3839809
16424746
13903919
16005270
10920203
11654947
9993652
4429590
8524231
127164
6413565
7852041
11831518
1358588
4329741
4777312
15435795
14467315
5201575
11527155
15033819
11100929
7792122
12626548
6161563
16161193
5570434
13161743
12015839
12476153
5433238
6506809
10964142
12340392
5285799
16193796
13610130
6814306
11365049
8006213
12853267
14955012
64771
15826849
12763575
8523150
16205024
2656268
5034264
2511051
14920517
4121554
16244508
7232592
3958099
405121
2056329
15719811
765593
15703453
11477741
4166012
4085368
7715511
8217729
4686874
12450147
9606087
16196463
16007491
4962098
15432281
10039559
4250075
3121097
7257329
14967987
10793553
12964487
7895278
9905207
7752431
2172000
7263514
15182595
7443404
7198373
11754299
1528439
10816800
8739276
9860121
58755
6364466
11773739
15126081
12534364
15099317
10920280
2848961
7780823
13826682
2418278
9053813
3980778
1201280
13748354
13950406
3644593
12276246
429797
900546
10219612
7545630
8508123
13058666
13776507
7129959
10270075
13022888
1476277
15083406
8956447
7173764
7588451
1291741
1817884
10528910
13725226
3147032
15869683
15682737
9334801
6068418
6821319
3890262
Vector Kc (Key Columns) : 
14273901
14158592
10881961
4832882
11336229
7984648
11759202
5113928
10168661
11905585
15603287
11732644
14371885
14797071
15592646
3496864
16721343
13473251
11293271
10444381
2966436
5420621
7722542
13100553
5635579
13479610
11601703
14039121
3448537
8931586
11840478
12184311
11713341
8984938
13346463
16765967
3564801
7558448
5329093
11007390
6911097
6273345
438421
13060949
15586875
3278568
3413834
5904629
8602376
7668402
6756124
7836033
8221569
14944819
999259
524838
12977749
1191465
312375
15079233
4819917
8980464
10646847
2531274
15913562
1285987
16186567
16123100
11128899
14156835
10244760
3557636
4303907
15529203
15454813
11388729
13604130
794927
4255849
5769865
4251912
442575
10560758
10680053
4662153
13628217
10485796
15521297
4592740
5907937
39107
15138927
10261181
12397443
4501476
10689404
13994148
15903140
14859565
9049777
9858246
6300640
12439265
6351344
968969
586770
14078232
52264
1899655
10295549
15351812
3323770
13921216
12894972
5188709
16706178
2885702
2212317
2841885
16350549
11398457
6098402
1629843
2881849
3262056
15936952
9570294
915616
5778171
3362858
3410177
11062274
7602059
14295420
10101017
10099952
2904755
2360040
5900024
9695469
6012540
16427461
6812852
8055690
6840260
3636440
9864159
9421637
2914095
10881817
14724929
5682388
8288345
8419360
596735
2150792
4702761
2608149
5712277
3826599
13958334
10295005
8637097
270956
12460881
828344
11362195
6797564
16327184
2723280
5048365
15197752
10401533
2630525
8110685
2251014
4209094
7023897
13874283
10414067
3962678
12599928
1241734
12498860
15931455
9170811
903301
3303112
11689719
427688
1234672
2037068
2554520
4384222
14974548
14008465
527489
3883110
8406485
14606965
11738570
8995444
4030952
1523476
16413565
12471941
6226893
15396580
13468775
14050398
10703047
9009279
11642374
16180443
3912385
1952796
11456476
3121621
7660988
7634577
14244538
6111478
2569792
221174
3600981
1228712
16299903
6911992
1236930
15858770
13005494
9016718
9304960
2285596
264029
5135053
8744176
560582
14822455
13848715
10407999
15017387
3343010
854110
4586294
14791723
4240397
1556930
10274772
12681208
9240454
16524127
16032661
1233501
5332616
2546426
7425282
15168481
16121862
13479549
10597136
9693452
5811909
10448889
4055054
2078691
2437969
9242376
5758456
4325496
11081093
7652174
5777958
5975443
99614
3706855
7841066
13330260
5291832
15308409
9736986
2710979
14589738
10526305
8953568
706527
4001981
6181259
9570354
2095755
14126170
16359967
10661241
7523172
7857997
9682687
1010100
15174847
10580138
4828271
11801573
13844381
2573040
3412549
6987981
8898199
12453765
1343936
2099256
3552245
13317494
3406322
3800512
13997673
10433544
3873851
8631031
1017622
Iter_Max : 
1
